1101
1102
1104
1210
1215
1216
1227
1229
1301
1303
1304
1307
1312
1313
1314
1319
1326
1402
1409
1434
1440
1476
1477
1503
1504
1513
1514
1519
1522
1536
1560
1582
1590
1605
1608
1609
1710
1711
1717
1722
1773
1789
1795
1802
1808
1904
1905
1907
1909
2002
2006
2009
2010
2014
2023
2027
2034
2049
2101
2103
2104
2105
2106
2108
2201
2204
2206
2208
2211
2231
2233
2301
2303
2308
2312
2313
2316
2317
2323
2324
2327
2328
2329
2330
2331
2337
2338
2340
2344
2345
2347
2351
2352
2353
2354
2355
2356
2357
2359
2360
2363
2367
2368
2369
2371
2374
2376
2377
2379
2382
2383
2385
2388
2392
2393
2395
2401
2402
2404
2406
2408
2409
2412
2421
2428
2436
2439
2441
2449
2451
2454
2455
2457
2458
2464
2467
2472
2474
2476
2481
2485
2486
2489
2492
2498
2501
2504
2511
2515
2520
2528
2530
2539
2540
2542
2543
2547
2548
2603
2605
2606
2607
2609
2610
2615
2618
2630
2633
2634
2637
2645
2646
2731
2801
2812
2820
2834
2836
2838
2845
2851
2855
2867
2880
2881
2882
2883
2884
2885
2886
2887
2889
2890
2891
2892
2897
2903
2905
2912
2913
2915
3005
3006
3008
3010
3013
3016
3017
3019
3023
3026
3028
3029
3030
3033
3034
3035
3036
3037
3042
3044
3045
3048
3059
3090
3149
3167
3189
3231
3305
3376
3380
3413
3443
3450
3481
3532
3533
3563
3576
3583
3596
3605
3653
3661
3665
3673
3701
3702
3703
3704
3706
3708
3711
3714
3715
4532
4722
4755
4763
4904
4906
4915
4919
4938
4958
4967
4968
4977
5222
5234
5243
5269
5388
5434
5469
5521
5522
5534
5607
5871
5876
5880
6005
6116
6139
6153
6176
6177
6189
6191
6196
6202
6209
6213
6214
6239
6257
6269
6271
6278
6282
6285
6412
6415
6438
6443
6446
6451
6456
6472
6505
6531
6550
6592
6669
6753
6757
6770
6781
6789
6805
6806
6830
6831
6901
6919
6944
6962
7769
7780
7799
8021
8028
8033
8039
8046
8070
8081
8110
8112
8131
8150
8210
8261
8271
8422
8464
8926
8996
9802
9904
9907
9910
9914
9921
9933
9938
9939
9941
9945
9958
2258
7610
0050
0052
0056
006205
006208
00631L
00632R
00633L
00635U
00636
00637L
00642U
00643
00646
00650L
00655L
00662
00663L
00664R
00665L
00669R
00670L
00671R
00673R
00674R
00675L
00676R
00680L
00685L
00686R
00688L
00692
00693U
00701
00706L
00708L
00712
00713
00715L
00731
00733
00735
00738U
00752
00753L
00757
00763U
00770
00830
00850
00865B
00878
00881
00882
00885
00891
00892
00893
00894
00895
00896
00900
00902
00904
00905
00907
00909
00910
00912
00913
00915
00917
00918
00919
00920
00921
00922
00923
00924
00927
00929
00930
00932
00934
00935
00936
00939
00940
00941
00944
00945B
00946
00947
00949
00951
00952
00953B
00954
00956
00960
00961
00963
00964
00965
00971
00972
009800
009801
009802
009803
009804
009805
009808
00980A
009810
009811
009812
009813
009816
009817
00981A
00981T
00982A
00982D
00982T
00983A
00983D
00984A
00984D
00985A
00985B
00987A
00988A
00989A
00990A
00991A
00992A
00993A
00994A
00995A
00679B
00687B
00696B
00719B
00720B
00722B
00724B
00725B
00740B
00751B
00764B
00768B
00772B
00773B
00795B
00853B
00857B
00858
00859B
00864B
00877
00887
00888
00931B
00933B
00937B
00942B
00948B
00950B
00955
00958B
00959B
00966B
00967B
00968B
00969B
00970B
00980D
00980T
009814
009815
00981B
00981D
00983B
00984B
00987B
1785
1815
3078
3105
3163
3211
3227
3260
3264
3265
3289
3293
3324
3357
3363
3374
3587
3680
3689
3707
4114
4123
4128
4147
4743
4749
4772
4966
4979
4991
5009
5289
5309
5314
5340
5347
5351
5371
5425
5439
5443
5475
5483
5498
5536
5864
6016
6125
6146
6147
6173
6182
6187
6188
6223
6244
6274
6279
6284
6290
6291
6462
6469
6488
6547
6548
6643
